63
34
37
5
50
84
82
29
22
52
100
9
41
43
62
91
65
30
12
6
61
61
30
71
89
8
36
41
73
46
80
40
68
62
56
85
68
42
32
84
51
39
43
27
19
24
29
99
65
72
89
82
54
74
43
81
3
64
9
92
64
16
7
4
76
16
95
4
79
52
82
67
52
68
50
82
91
62
52
33
88
25
89
1
52
51
56
72
97
88
43
8
53
100
83
78
15
88
22
58
22
7
97
90
10
25
13
9
12
22
91
98
47
53
43
58
49
89
68
32
71
36
97
81
51
62
32
62
24
97
28
43
73
22
54
7
80
49
32
80
100
5
71
45
45
67
87
38
79
12
40
77
86
29
51
63
13
53
67
97
20
44
93
84
31
53
65
51
39
98
84
86
10
36
10
71
73
24
22
37
22
90
67
40
50
68
89
67
87
70
54
94
82
14
4
97
16
62
21
62
29
52
53
98
73
39
74
82
99
32
31
97
89
25
48
42
14
46
17
59
67
85
43
40
90
60
86
69
73
26
2
39
42
67
36
71
51
17
46
61
66
80
19
75
18
44
44
45
94
49
56
71
76
72
12
14
51
13
100
6
3
58
3
62
45
1
90
65
64
59
28
95
57
46
86
95
55
43
84
93
65
30
25
74
52
68
13
86
20
10
10
35
75
45
92
27
24
36
57
99
14
12
37
65
67
89
37
11
74
17
31
83
81
25
15
59
85
25
82
76
91
47
58
23
14
52
60
39
19
54
20
93
81
46
99
49
5
70
35
30
22
97
77
12
31
50
58
62
75
68
74
82
9
35
93
16
100
73
32
34
49
87
55
22
30
6
11
40
93
64
5
28
11
16
49
57
42
4
9
42
46
72
87
6
69
83
91
25
79
68
98
90
33
11
95
49
32
85
71
34
38
60
91
13
67
30
30
23
57
12
37
70
54
26
58
17
87
69
51
55
66
56
66
63
34
72
3
14
24
47
29
51
81
96
76
42
63
1
76
29
53
13
57
18
57
71
68
97
72
35
47
40
36
22
89
100
94
98
97
97
65
96
64
41
28
90
6
72
63
46
10
63
9
53
30
54
9
53
87
30
17
96
2
53
29
18
82
74
21
55
39
24
23
36
99
46
44
42
74
73
